data/bio_12.asc
ncols         103
nrows         33
xllcorner     -84.333328344
yllcorner     33.833338227
cellsize      0.0833333376796116
NODATA_value  -9999
137.5 135 133.3 133.4 133.8 136.9 134.9 131.2 129.4 128.8 127.4 126.7 126.3 123.5 121.6 120 118.6 116.9 114.8 112.6 111.9 110.3 110.4 111.6 111.9 112.6 113.8 115.9 125 129.1 126.1 133 135.3 129.4 126.8 123.6 123.3 121.1 121.1 119 119.6 116 116.1 116.2 117.9 121.2 124.2 123.9 123.4 122.9 121.3 118.9 117.6 116.2 113.9 112.5 111.9 111.6 111.5 110.8 110.5 110.2 110.6 110.5 109.8 109.9 110 109.4 108.8 108.8 109.1 109.6 110.1 110.4 110.7 111.2 111.5 112.1 112.5 112.6 112.4 112.7 113.5 114.3 115.1 116 116.9 118.2 118.8 119.6 120.5 121.1 121.3 121.5 122 121.6 120.8 119.4 118.7 118.2 118.2 118.2 -9999 
 137.5 138.1 136.5 135.6 134.4 132.8 130.7 130.3 129.9 127.8 126.2 124.4 123 123.1 121.4 119.2 115.8 113.9 113 113.2 111.9 111.4 110.4 110.3 111.7 113.7 122.5 125.2 129 128.3 127 134.2 134 132.7 132 129.5 130 132.5 129.3 125.1 121.6 117.3 116.9 117.6 118.2 120.9 121.9 121.8 120.7 120.9 119.9 118.1 116 114.7 112.6 112.6 112.6 111.8 111.5 111.2 111.3 111 111.1 111.1 111.2 111 111.7 110.7 110.1 110.1 110.4 110.4 111.3 111.8 112.2 112.2 112.3 112.9 112.6 112.9 112.5 113.3 114.4 115.2 116.1 117 117.6 118.2 119 119.9 120.7 121.2 121.6 121.9 122.1 121.9 121 120.2 119.6 119.4 119.6 119.3 -9999 
 141.9 139.7 134.3 132.9 131.3 130.6 129.6 127.9 127.5 124.8 124.3 124.2 122 119.9 117.6 115.2 113.9 113.7 113.5 112.8 113.5 113 112.5 112 113.2 117 119.7 125.4 124.8 128.2 135.2 139.3 143.1 141 136.8 135 133.3 128.9 122.3 121.6 121.7 119.1 118.9 118.7 119.7 119.2 120.6 121.4 121.9 119.6 116.8 115.1 113.8 113.2 113.5 113.5 112.7 112.2 112.5 112 111.8 112 112.1 112.6 113 112.4 112.2 112 111.7 111.7 111.5 112 112.4 112.6 112.5 112.8 112.6 113.1 113.6 113 113.1 113.3 114.6 115.4 116.4 117.2 117.9 119 119.8 120.5 120.9 121.4 122.1 122.3 122.1 121.7 121.4 120.8 120.3 120.7 120.5 120.8 121.1 
 145.1 137.2 133.8 132.2 131 129.2 128.8 128.5 127.3 125.1 123.2 120.1 118.6 117.2 115.9 114.5 113.3 111.2 111.4 112.8 112.5 112.7 114.4 116.4 116.2 119.9 126.2 128.6 127.5 133.4 136.5 146.3 142.1 140.3 140.2 135.3 125.1 124.6 122.4 121.3 121.3 120.4 119.2 118.8 118.6 118.2 118.4 118.8 117.7 115.9 114.5 114.4 114.7 114.1 113.5 113.1 112.9 112.9 113 113.2 113.1 113.2 113.2 113.4 113.1 113.2 113.1 112.3 112.4 112.1 112.6 113.2 113.4 113.1 113.3 113 113.1 113.4 113.7 113.3 113.5 113.8 114.7 115.9 116.7 117.7 118.7 119.8 120.2 120.8 121.7 122 122.6 122.5 122.3 122 121.6 120.8 120.9 121.4 121.9 122 122.4 
 144.8 142.5 133.3 132 130.7 129.8 128.4 127.2 124.8 122.5 120.7 120.3 119.3 117.1 114.4 112.7 111.9 110.7 111.5 111 111.2 112.9 115.3 121.4 124.1 128.7 134.1 134.9 136.6 144.8 139.1 144.7 143.7 136.8 134.5 128.3 125.7 124.3 123.4 122.2 121.4 121 120.4 119.2 118.9 117.8 116.7 117 116 115.1 114.3 114 113.8 113.3 113.2 113.1 113 112.8 112.8 113.1 113.6 114.2 114.7 114.6 114.3 114 113.8 113.3 112.8 112.8 113 114 114.1 113.9 113.7 113.6 113.4 113.7 113.7 113.6 114.2 115.1 115.7 116.2 117.6 118.7 119.4 120.2 121 121.8 122.3 122.3 122.9 122.9 122.9 122.6 122.5 121.7 122.2 122.2 122.9 123.5 123.8 
 143.9 136.8 132.7 131.5 130.6 129.2 126.2 123.6 121.7 121.8 120.8 120 117.8 115.1 113.7 112.3 111.4 110.6 109.7 110.8 114.9 121.4 119.3 126.4 136.9 137.3 148.4 147.8 142.6 148.2 148.5 142.5 142.5 132.7 128.7 126.1 124.6 124.9 125.6 125.2 124.2 121.9 120.3 118.7 117.2 116.1 115.4 115.2 114.6 114.3 114 113.8 112.6 112.8 112.9 113.3 113.1 113.3 113.3 113.2 113.9 114.9 115.4 115.5 115.6 114.4 113.7 113.2 113.4 114.1 114.2 114.1 114.7 115 114.6 114.3 114.3 114.2 113.9 114.2 115 115.6 116.7 117.3 118 119.2 120.1 120.9 121.8 122.4 123 122.9 123.3 123.9 123.8 123.8 123.4 123.2 123 123.5 -9999 124.9 125.8 
 135.9 134.5 132.8 131.7 129.8 127.2 124.5 123 122.4 121.5 120.9 118.6 116.1 115.1 114.1 112.9 111.4 110.2 112.6 127.6 131.8 124.9 131.5 127.7 128.3 132.9 139.8 144.4 145.2 146 136.4 130 130.1 129.9 126.8 126 127.8 128.3 129.1 126.7 122.8 121.2 119.3 118.4 116.8 115.2 114.7 114 113.4 113.6 113.4 112.9 112.1 112.7 112.9 113.2 113.2 113.5 113.4 113.5 114.5 115.8 116.2 116.2 115.8 114.2 113.4 113.2 113.9 114.9 115 114.9 114.8 115.1 115.1 115 114.8 114.8 114.7 114.9 115.8 116.2 117.3 118.1 118.9 119.3 120.7 121.7 122.2 123.1 123.7 123.9 123.8 124.6 124.8 124.6 -9999 -9999 -9999 -9999 -9999 -9999 126.6 
 136 134.6 133.6 131.4 127.9 125.7 124.1 122.8 121 120.1 118.7 118 119.8 116.5 114.8 114.7 114.4 113.8 117.8 115.3 130 137.5 140.1 129.5 132.5 134.4 137.8 143.1 143.5 144.6 134 128.7 126.6 126.4 127.6 128.8 127.2 125.1 124.7 123.5 121.8 119.9 118.7 117.1 116.3 114.9 114.1 113.2 113.6 113.6 113 113.2 113 113 114 114.2 114.3 114.4 114.9 114.8 114.9 115.9 116.3 115.8 114.9 114.2 113.2 113.6 113.6 114 115.4 115.8 115.3 115.2 115.5 115.2 115 115 115.1 115.4 116.2 116.9 118 119.1 120 120.5 121.3 122.1 122.9 123.7 124.6 125.1 125.9 126.3 126.4 126.4 126.7 126.8 127.1 127.4 128.2 128.7 129.2 
 136.5 135.2 132.4 130 127.6 127.2 126.6 124.8 122.1 120 120.6 123.2 125.8 118.3 121.1 116.4 120.3 116.3 112.3 115.2 119.7 126.1 126.1 136 142 140.3 142.7 138.2 137.6 136.5 127.6 125.4 125.1 125.5 126.7 125.3 125 123.5 123.1 121.4 119.4 118.4 117.1 116 115.2 114.6 113.6 113 113.7 113.3 113.4 114.2 113.4 113.8 114.3 115.2 115 116.1 116.1 115.8 115.7 115.8 116.4 115.3 113.8 113.5 112.9 113.4 114.2 113.8 115.3 115.7 116 116.4 115.7 115.4 115.3 115.4 116.2 116.8 117.5 118.1 118.8 120 120.9 121.7 122.4 123 123.8 124.7 125.6 126.6 127.1 127.2 127.2 127.5 127.8 128.1 128.5 128.6 129.5 129.9 130.6 
 136.4 134.7 132.9 130.9 128.9 128.1 129.9 133.7 129 125.8 127.1 127.6 126.4 126.6 125.4 129 141.1 124.5 122.3 109.3 110.3 113.9 123.9 148.1 159.3 147.6 140.7 131 134.9 128.3 126.4 125.3 125.3 125.3 124.2 123 122.8 121.9 120.8 120.3 119.1 117.7 116.6 115.6 114.4 113.6 113 113.2 113.6 113.7 114.6 113.7 113.5 114.1 114.9 115.4 115.8 116.8 117 117.2 116.9 116.4 116.3 114.9 114.2 114.2 114.3 114.4 114.1 114.4 115.4 116.1 116.6 116.6 116.6 116.2 116 116.2 116.9 118 118.7 119.2 120.1 121.1 121.9 122.6 123.5 124.1 124.7 126 126.9 127.4 128.1 128 128.5 128.6 129.2 129.6 129.7 130.1 130.7 131.3 131.7 
 137.7 136.5 135.5 134.3 133.5 134.6 134.6 137.3 142.1 138.8 142.8 143.1 167.9 169.9 153.6 128.6 135.6 141.3 122.5 110.4 109.8 116.6 138.1 154.6 159.9 144.2 134.8 129.8 130 128.5 127.6 126.9 129.1 127.8 124.6 122.8 122.2 121.1 119.8 118.7 118 117.2 115.8 114.9 113.8 113.3 112.8 113 113.6 114.3 114.9 114.8 113.7 115 116.6 115.8 115.9 117.1 117.9 117.8 117 116.6 116.1 114.9 114.6 115.1 115.3 115 115.1 115.3 115.8 116.9 117.2 117.5 117.4 117 116.9 117.4 118.3 119.4 120.3 120.8 121.5 122.4 123.3 124 124.7 125.2 126.1 127.2 127.8 128.2 128.8 129.2 129.7 129.9 130.2 130.6 131.1 131.3 132.1 132.5 132.9 
 138.9 137.3 137 138.2 142 144.9 146.7 148 158.6 160.5 179.3 173.1 171.4 170.7 153.5 142.5 130.6 142.3 132.3 115.2 113 118.4 124.6 131.6 137.7 129.2 130.1 132.3 133.1 131.1 133.6 139 133.3 128 125.4 123 120.7 120.2 120.4 118.6 116.8 116.5 116 114.9 114.3 113.9 114.1 113.9 114.1 114.8 115.6 115.1 114.7 117.2 117.4 116.4 116.3 117.2 117.7 117.2 116.6 116.3 116 114.9 115.2 115.9 116.5 116.3 116.4 116.4 117.3 117.6 118.3 118.2 118.7 118.4 118.3 118.9 119.9 120.8 121.7 122.7 123.5 123.8 124.3 124.8 125.7 126.6 127.5 128 128.5 129.1 129.5 130.1 130.8 131 131.4 131.7 132.2 132.7 133.2 133.7 134 
 140.7 139 139.2 142.5 146.5 160.9 165 169.7 173.6 175.6 172.3 166.1 148.8 167.8 172.4 147.9 131.5 131.5 131.2 119.6 116.8 117.5 128.3 138.8 139.8 134.8 134.3 134 133.1 133.2 134.3 134.2 132 127.6 125.5 122.9 120.2 120.1 119.8 117.8 116.3 115.7 115.3 115 114.9 114.7 115 115.1 115.3 115.7 116.4 116.6 116.3 117.9 117.8 116.9 116.6 117 117.3 116.7 116.1 116.2 115.9 115.7 116.4 117.1 117.1 117.1 117.2 117.8 117.8 118.5 119 119.7 120.1 120 120.6 121.1 121.5 122.4 123.2 124.1 125.2 125.6 126 126.4 126.9 127.6 128.3 128.9 129.4 130 130.4 131.1 131.6 132.2 132.4 132.9 133.2 133.7 134.1 134 134.7 
 142 142.1 145.8 154.4 150.7 153.9 154.6 153 157.9 150.4 150.5 146.2 147.1 168.2 179.1 161.4 156.3 148 153.4 144.6 132.9 122.4 126.4 142.9 138.7 135.3 132.5 132.7 132 131.3 134.1 130.7 128 126.2 124.7 122.5 120.2 119.6 118.5 116.6 115.8 115.2 114.6 114.2 114.4 114.7 115.3 115.8 116.2 116.9 117 116.8 117.9 117.9 118.1 117.5 117.1 117.3 116.9 116.4 117.3 117.6 117.7 117.8 117 117.1 117.3 118.2 118.6 118.8 119.1 119.4 120.1 120.7 121.1 121.8 122.5 122.9 123.7 124.4 125 125.7 126.2 126.9 127.4 127.9 128.5 129 129.7 129.9 130.7 131 131.6 132.5 133 133.5 133.9 134 134.5 134.8 135 -9999 -9999 
 143.7 147.7 157.1 172.6 172.4 156.2 163 159.9 156.5 148.7 156.6 168.2 151.7 147.5 167.4 186.2 184.3 186.3 173.9 162.5 140.1 132.6 136.7 136.4 144 135.9 134.7 133.4 133.4 131.9 131.9 130.4 128.4 125.9 124.6 122.9 121.4 119.2 118.1 116.3 115.3 114.9 114.5 113.7 113.8 114.6 115.3 116 116.9 117.3 117.6 117.4 119.1 118 118.3 118.2 118.2 118 117.3 118 118.2 118 117.6 117.4 117.3 117.6 117.7 118.6 119.6 120.1 120.5 120.7 121 121.6 122.4 122.9 124 124.8 125.3 126.5 127.1 127.3 127.6 128.1 128.5 129 129.7 130.6 131 131.6 132 132.7 132.9 133.4 133.5 134.5 135 135.5 136 135.7 -9999 -9999 -9999 
 150.6 156.5 161.3 179.8 178 162.6 164.2 172.4 169 164.7 158.1 164.5 168.5 159.5 161.4 180.9 193.1 189.8 171.1 162.3 153.5 151.8 146.1 144 143.4 141.6 137.9 134.6 133.8 132.7 130.6 129.6 127.7 126 124 123.7 121.7 119.6 117.9 116.3 115.3 114.9 114.5 113.9 113.9 114.4 115.4 116.8 116.6 117.5 117.6 118.3 118.5 118.4 119.2 119.6 119.5 118.6 118.7 118.3 118 118 118.1 118.2 118 117.8 118.3 119.1 120.1 120.9 121.4 121.8 123 123.6 124 125.1 125.5 126 127 127.6 128.7 128.8 129.2 129.8 129.9 130.5 131 131.9 132.2 132.8 133.1 133.7 134.5 134.9 135.6 -9999 136.3 -9999 136.5 -9999 -9999 -9999 -9999 
 151.4 156.6 159.2 165.3 168.6 161.4 164.3 177.4 181.7 182.5 162.2 153.9 170.6 189.5 186.6 189 191.2 185.2 178.7 174.2 171.9 170.5 160.3 153.2 150 143.4 139.3 136.3 134.5 131.8 130.5 129.3 127.4 126.2 124.6 124.4 123 120 118.7 116.2 115.6 115.1 114.4 113.9 114.9 114.5 115.6 116.3 116.5 117.7 117.4 117.7 117.7 117.6 118.9 119.7 119.3 119.4 119.1 119 118.1 117.8 117.9 117.9 118 118.3 118.6 119.5 120.5 121.5 122.5 122.9 123.9 124.8 125.5 126.4 127.2 128 128.4 129 129.6 130 130.7 131.1 131.4 131.9 132.1 132.7 133.4 134.2 134.4 135 135.5 135.9 136.7 -9999 -9999 -9999 -9999 -9999 -9999 -9999 139.9 
 151.8 151.7 151.4 153.1 153.5 165.8 176.2 180.9 185.9 184.7 169.3 165 180.8 199.8 200 200.8 199 188 188.8 190.7 180.3 159.7 150.1 149.5 146.5 141.4 138.1 135.5 133.5 131.7 131.3 129.6 127.6 125.9 125 123.6 122.7 120.9 119.1 117.6 116.4 115.2 114.7 115.2 115.1 115.6 116.2 116.7 117 117.3 117.6 117.4 117.2 118 119.1 119.8 119.3 119.3 119.2 119.4 118.8 119 118.7 118.7 118.7 118.6 118.9 120.2 120.9 122 122.9 123.8 124.8 125.9 126.5 127.6 128.5 129.3 130.2 130.7 131.2 131.5 131.7 132.4 133 133.2 133.5 133.8 134.3 135 135.3 136 136.8 137.1 -9999 -9999 -9999 -9999 -9999 -9999 140.4 139.9 139.8 
 158.3 155.8 152.3 152.8 153.6 158.9 160.2 169.5 182.1 196.1 191.5 175.7 195.7 198.1 195.6 200.1 174.9 174.8 183.8 169.8 149.8 147 146.1 142.3 139.9 137.5 135.9 133.1 131.7 129.6 129.4 127.4 127.5 125.2 123.6 123.1 122.9 121.6 120 118.8 118 116.5 116.2 116.3 116.3 116.4 116.6 117.6 118 117.7 117.3 117.6 118.2 118.4 119.3 119.1 119.2 119.2 118.7 119.2 118.7 118.7 118.7 118.4 118.9 118.6 119.5 120.3 121.4 122.4 123.5 124.2 125.6 126.8 127.9 128.9 129.6 130.2 131.1 132 132.4 132.8 133 133.7 134.1 134.6 134.9 135.1 135 135.8 136.6 137 137.5 139.5 139.6 141.5 142.1 142.2 141.5 141.1 140.7 -9999 -9999 
 155.1 156.2 155.1 156.3 160.4 160.8 164.4 171.5 180.4 183.4 184.1 182 191.3 179.5 184.3 172.3 159.3 154.8 155.8 152.6 150.3 144.3 143.3 140.8 135.8 132.8 130.9 129.4 127.8 127.1 126.6 125.9 125 123.8 122.8 122 122.2 121.7 120.6 119.7 118.5 117.4 116.9 116.9 117.3 117.6 118.2 118.2 117.5 117.5 118.4 118.9 119.5 118.5 118.7 119.4 119.8 119.6 119.4 118.9 118.7 118.8 118.5 118.6 119 119.3 119.7 120.8 121.3 122.7 123.7 124.9 126.3 127.2 128.8 129.8 130.7 131.1 132.1 132.7 133.4 134 134.6 135.3 135.6 135.8 136.1 136.3 136.7 137 137.4 138.5 139.1 140 140.8 142.1 142.6 142.5 142.3 -9999 -9999 -9999 -9999 
 155.9 157.7 159.9 157.6 159.3 166.6 178.9 174.6 182.3 174.7 180.5 177.3 173.5 170.7 171.1 158 155.6 149.9 151.2 147.1 146.3 141.1 137.8 135.8 131.8 129.3 127.7 125.4 125 125.5 125.7 124.9 124 123.5 122.1 122.1 121.3 121.7 120.2 119.9 119.8 118.1 118.1 117.9 118.4 118.7 118.6 118.1 117.6 118 119.1 118.7 118.6 118.4 119.2 119.7 119.7 119 118.8 118.9 118.7 118.7 119 119.1 119.5 119.9 120.1 121 121.9 122.8 124.1 125.2 126.8 128.1 129.6 130.6 131.5 131.8 132.9 133.6 134.4 134.8 135.7 136.4 137.1 136.9 137.2 137 137.5 137.7 138.3 139.1 139.6 140.6 141.6 142.4 142.8 143 -9999 -9999 -9999 -9999 -9999 
 163.5 162.5 166.4 168.5 170.5 165.7 177.4 181.4 175.3 174.4 176.5 170.3 164.6 164.9 161.5 153.6 149.8 146.1 145.8 142.3 139.9 136.7 133.2 130.3 128.8 126.6 125.3 124.4 124 124.8 124.5 124.1 124.6 123.2 121.3 121.1 122.1 121.8 120.6 119.6 119.3 118.4 117.9 118.2 118.7 117.9 118.4 118.5 117.9 117.7 117.9 118.4 118 118.7 118.4 118.7 118.6 118.3 118.9 118.9 118.7 118.8 119.2 119.4 119.8 120.3 120.4 121.1 122 123.1 124.2 125.6 127 129.1 130.1 131.3 132.1 132.8 133.9 134.6 135.5 135.9 136.2 137.1 137.9 138 138.1 137.9 138.2 138.6 138.8 139.6 140.5 141.3 141.6 142.4 -9999 -9999 -9999 -9999 -9999 -9999 -9999 
 165.4 166.8 168.6 170.1 174.1 172.7 172.3 166.4 166.8 169.3 169.8 160.3 157 151.5 149.1 147.1 145.1 140.2 138 136.5 134.5 133.1 129.6 127.9 126 125.7 123.7 123.1 123.5 123.3 123.5 123.6 123.8 122.1 121 121.9 120.9 121.1 120.1 119.5 118.5 118.3 117.8 118.1 118.6 118 118.1 118.4 118.3 118.1 117.8 117.2 117.7 117.4 117.7 117.8 117.2 117.3 118.2 118.6 118.7 119 119.3 119.8 120 120.7 121 121.5 121.8 123.1 124.6 126.3 127.9 129.5 130.9 132.2 132.9 133.8 134.7 135.4 136.5 136.7 136.8 137.2 138.4 138.6 138.7 138.9 138.9 139.3 139.6 140.1 140.8 141.5 142.4 -9999 -9999 -9999 -9999 -9999 -9999 -9999 -9999 
 162.8 170.9 166.1 164.9 163.9 162.9 164.5 164.9 161.6 160.6 160.7 156.5 145.9 143 142.9 143.2 139.7 135.1 133.6 132 130.1 129.7 127.7 126.4 124.3 124.2 123.9 122.9 122.2 122.9 123.5 123.3 122.3 121.9 121 120.2 120.3 121.1 119.9 118.7 117.7 117.5 118 118.8 118.1 118.1 117.3 117 117.8 117.9 117.2 117.4 117.4 117 116.6 117 116.9 117.2 117.6 118.3 118.6 119 119.6 120.1 120.5 121.1 121.6 122.2 122.5 123.3 125 126.9 128.3 130.2 132 133 134.3 134.7 135.4 135.9 136.7 137.4 137.7 137.8 138.5 138.7 138.8 139.4 -9999 -9999 -9999 -9999 -9999 142 142.3 -9999 -9999 -9999 -9999 -9999 -9999 -9999 -9999 
 162.5 160.7 160.2 158.5 159.2 159.8 162.1 159.3 157.4 158.1 155.9 148.2 144.4 141.2 137.8 138 135.4 132.1 129.1 127.5 126.7 126.5 125.9 124.2 123.8 122.5 122.3 122.4 122.7 122.3 122 122.1 122.3 122 120.8 120.5 120.6 120.4 119.3 118.3 117.4 116.2 116.5 117.1 117.4 116.5 116.8 115.9 117.4 117.5 118.2 117.7 117.6 116.9 116.2 116.6 116.6 117.2 117.5 117.7 118.5 119.3 120.1 120.7 121 121.6 122.6 123.1 123.7 124.7 126 127.5 129.2 131 132.3 133.9 134.9 135.5 136.4 136.8 137.5 138.1 138.6 138.3 138.9 -9999 -9999 -9999 -9999 -9999 -9999 -9999 -9999 -9999 -9999 -9999 -9999 -9999 -9999 -9999 -9999 -9999 -9999 
 158.1 156 157.2 156.3 154.2 154.5 154.9 153.9 153.4 149.7 144.1 140.2 138.8 137 136.5 133.8 132.6 129.4 127.2 124.9 124.2 124.1 124.1 123.5 122.3 121.7 120.8 121.7 121.8 122.5 122.3 122.1 121.7 120.9 120.2 119.5 119.6 118.7 118.7 117 115.9 114.8 114.7 114.9 115.2 115.5 115.4 115.9 116.7 117.3 117.4 117.3 116.7 116.7 115.9 116 116.6 117 117.6 117.9 118.9 119.9 120.7 121.5 121.7 122.4 123.4 123.8 124.8 126.3 127.5 128.6 130.1 131.6 133.2 134.7 135.8 136.4 137 137.8 138.4 138.6 138.4 138.7 -9999 -9999 -9999 -9999 -9999 -9999 -9999 -9999 -9999 -9999 -9999 -9999 -9999 -9999 -9999 -9999 -9999 -9999 -9999 
 150.9 151 151.5 150.6 149.6 149.2 148.6 148.1 146.3 141.6 141 137.9 134.8 133.3 133.9 133.9 131.1 128.1 125.2 124.3 123.1 122.3 122 122.5 121.7 120.4 120 120.7 121 121.1 121.8 121.4 120.9 120.6 119.8 118.8 119 118 117.9 117.2 116.1 115.5 113.5 112.3 113.5 114.6 115 115.3 115.4 116.7 116.4 116.4 116.4 116.6 116.3 115.9 116.3 117.2 118 118.6 119.8 120.8 121.7 122.4 122.6 123.2 124.1 124.8 126 127.1 128.3 129.8 131.2 132.4 133.7 135.2 136.2 137.3 138.1 138.6 138.6 138.5 -9999 -9999 -9999 -9999 -9999 -9999 -9999 -9999 -9999 -9999 -9999 -9999 -9999 -9999 -9999 -9999 -9999 -9999 -9999 -9999 -9999 
 145.9 146.6 148 148.9 146.1 144.8 144.6 141.4 140 138 136.1 134.3 132.7 131.2 131.6 131 129.1 126.6 124.1 122.9 121.7 121.3 120.1 121 120.4 120.3 119.6 119.4 120.5 120.2 120.7 121 121.4 120.8 119.2 118 118.4 117.6 118.3 118.1 117.9 116.4 114.4 112.4 112.8 113.5 114.4 115.3 115.7 115.7 116.1 116.4 116.4 116.3 115.9 115.8 116.3 117.5 118.8 120.2 121.1 122 122.5 123.5 123.4 123.9 125 125.6 126.8 127.9 129.3 130.7 132.2 133.8 135.1 136.2 137 138.2 138.9 138.8 -9999 -9999 -9999 -9999 -9999 -9999 -9999 -9999 -9999 -9999 -9999 -9999 -9999 -9999 -9999 -9999 -9999 -9999 -9999 -9999 -9999 -9999 -9999 
 144.6 144.9 145.5 143.4 142.8 142.4 140.1 137.5 136.7 135.8 134.9 133.2 131.7 129.1 128 127.2 126.2 125.3 123.4 121.7 120.7 120.4 119.6 120.1 119.1 120.1 119.9 119.5 119.4 120 119.6 120.3 120.5 121.2 120.3 119.4 118.2 117.6 117.4 118.3 118.1 116.3 114.9 113.6 112.6 113.6 114.8 115.2 115.7 115.4 115.9 116.2 116.3 116.1 115.8 115.6 116.7 118.7 120.5 121.9 122.6 123.2 123.9 124.5 124.1 124.9 125.5 126.6 127.7 128.8 130.2 131.9 133.4 134.9 136.4 137.2 137.9 139 139.3 -9999 -9999 -9999 -9999 -9999 -9999 -9999 -9999 -9999 -9999 -9999 -9999 -9999 -9999 -9999 -9999 -9999 -9999 -9999 -9999 -9999 -9999 -9999 -9999 
 141.2 142.1 141.4 141.3 141.3 137.6 135.8 134.6 133.3 132.4 131.5 131 129.7 127.6 126.2 123.8 124.3 124.2 122.7 120.9 119.9 119 119.4 119.4 118.4 119.6 120 119.7 119.8 119.9 120.7 120.8 120.4 120.1 119.7 119.6 119.3 118.7 117.7 118.3 118 117.9 116 114.3 113.1 113.9 115.1 115.7 115.6 115.7 116.1 116.6 116.6 116.2 115.9 116.2 117.8 119.5 121.4 123.1 124 124.5 125.3 125.7 124.8 125.6 126.5 127.4 128.5 129.9 131.3 132.8 134.5 135.8 137 138.1 139.1 139.7 139.4 -9999 -9999 -9999 -9999 -9999 -9999 -9999 -9999 -9999 -9999 -9999 -9999 -9999 -9999 -9999 -9999 -9999 -9999 -9999 -9999 -9999 -9999 -9999 -9999 
 138.9 139.3 138.4 138.4 138.4 136.1 133.9 131.9 130.3 130.3 129 128 127.5 125.4 124.2 122.9 121.8 122 120.7 120.3 119.2 119.2 118.3 119.2 119.1 119.6 120 120.4 120.8 121.1 120.9 120.2 120.7 120.6 120.3 120.2 120.1 119.5 118.6 118.3 118.1 118.6 117.3 115.7 113.7 113.9 115.3 115.4 115.9 116.5 116.9 116.9 117.1 116.8 117.1 117.9 119.1 120.9 122.5 123.9 124.8 125.6 126.4 127 125.8 126.4 127.2 128.1 129.4 130.9 132.4 133.9 135.2 136.6 138 139.7 140.1 140.3 -9999 -9999 -9999 -9999 -9999 -9999 -9999 -9999 -9999 -9999 -9999 -9999 -9999 -9999 -9999 -9999 -9999 -9999 -9999 -9999 -9999 -9999 -9999 -9999 -9999 
 136 136.7 136 135.5 135.3 133.8 132.1 130.6 129.8 128.5 126.6 125.6 125.7 124.6 123.6 123.5 121.9 120.2 119.6 119.7 118.5 118.2 118.6 118.5 119.7 119.8 120.2 120.1 120.1 121 121.2 121.7 121.8 122.2 122.3 122.5 121.9 120.6 119.5 118.2 117.7 118 117.7 116.6 114.5 114.9 115.3 116.2 116.6 117 117.4 117.7 118.1 118.3 118.8 119.4 120.4 121.8 123 124 125 125.8 126.4 126.8 127.1 127.7 128.1 129.1 130.3 131.8 133.1 134.3 135.7 137.2 138.7 140 140.2 140.6 -9999 -9999 -9999 -9999 -9999 -9999 -9999 -9999 -9999 -9999 -9999 -9999 -9999 -9999 -9999 -9999 -9999 -9999 -9999 -9999 -9999 -9999 -9999 -9999 -9999 
 133.6 134.5 133.5 133.3 132.9 131 129.7 129 127.2 126.6 125.8 124.5 123.5 123.9 123.8 121.9 120.8 120.8 120.5 120.6 119.3 118.7 118.2 118.5 119.4 119.6 119.8 119.1 119.9 121.4 122.8 123.3 123.7 123.2 122.9 123 122.8 121.8 120.8 118.9 117.6 117 116.6 116.2 115.5 115.6 115.9 116.7 117.4 117.8 118 118.6 119 119.6 120.1 120.9 121.9 122.7 124 124.9 126.2 126.8 127.8 128.1 128.5 128.8 129.5 130.2 131 132.2 133.2 134.3 135.4 -9999 139 139.8 140.5 -9999 -9999 -9999 -9999 -9999 -9999 -9999 -9999 -9999 -9999 -9999 -9999 -9999 -9999 -9999 -9999 -9999 -9999 -9999 -9999 -9999 -9999 -9999 -9999 -9999 -9999 
